NF10A_uniq.fasta	NF10B_uniq.fasta	NF18A_uniq.fasta	NF18B_uniq.fasta	NF26A_uniq.fasta	NF26B_uniq.fasta	NF34A_uniq.fasta	NF34B_uniq.fasta	NR10A_uniq.fasta	NR10B_uniq.fasta	NR18A_uniq.fasta	NR18B_uniq.fasta	NR26A_uniq.fasta	NR26B_uniq.fasta	NR34A_uniq.fasta	NR34B_uniq.fasta	PF10A_uniq.fasta	PF10B_uniq.fasta	PF18A_uniq.fasta	PF18B_uniq.fasta	PF26A_uniq.fasta	PF26B_uniq.fasta	PF34A_uniq.fasta	PF34B_uniq.fasta	PF42A_uniq.fasta	PF42B_uniq.fasta	PF50A_uniq.fasta	PF50B_uniq.fasta
NF10A_uniq.fasta	1	0.534832420920839	0.930203546798219	0.588956006552641	0.786417041610358	0.667662580985649	0.749913105293612	0.662245628452238	0.879362633358911	0.661819908590434	0.979465847797344	0.506536047570364	0.719219929970743	0.494831298098741	0.50581995004752	0.544006909002695	0.520638346198394	0.536966948808568	0.281272551859483	0.546410884379338	0.484118015278032	0.502699827254644	0.466813872153011	0.4517178677733	0.463410871242827	0.151839449604741	0.458688488271622	0.336069314886242
NF10B_uniq.fasta	0.534832420920839	1	0.403892678522883	0.994921153643311	0.267867875630337	0.964597863324976	0.15637481503175	0.965605559789475	0.840209868349135	0.978022443376804	0.561549624519391	0.982707107519802	0.953996730554893	0.996359085329852	0.880934099974216	0.834114736920966	0.979814626125837	0.985026059370544	0.491427299360632	0.996167902558582	0.995519149358969	0.87514785929441	0.905302106727198	0.828060932436959	0.754274330347364	0.201499761374798	0.925658907426818	0.603564630046708
NF18A_uniq.fasta	0.930203546798219	0.403892678522883	1	0.480537814367747	0.935632646485276	0.601028037631836	0.923051786907122	0.596240222021043	0.719444343863682	0.531688595107522	0.949492888926042	0.375059058790114	0.582963793469743	0.356280471217729	0.409894732389474	0.458836467313905	0.370360685197333	0.39138160285026	0.199072967340292	0.413286433380829	0.34036454661854	0.371006258129713	0.334331188429935	0.329515730993311	0.372647920237123	0.16563119535406	0.351610325861226	0.287472938259352
NF18B_uniq.fasta	0.588956006552641	0.994921153643311	0.480537814367747	1	0.355454313114847	0.984439136185067	0.247321446965054	0.985316535685586	0.8627849221135	0.984785657688562	0.622021741080316	0.978181907276239	0.965516167094864	0.987569418355117	0.886013516171757	0.847398361207862	0.973102230562475	0.980079108124245	0.495658498360868	0.9928861568933	0.984784562753335	0.875424630203616	0.900822073520437	0.826819939439341	0.760166203991933	0.213115836831437	0.921480623197941	0.608382249372853
NF26A_uniq.fasta	0.786417041610358	0.267867875630337	0.935632646485276	0.355454313114847	1	0.498859291734527	0.990826051447296	0.501557415924182	0.555741535341778	0.378465829400668	0.848690704055815	0.245190974231877	0.4311395173085	0.219413373231783	0.28090935354056	0.34302033296674	0.231240609642024	0.252636756457498	0.118480351741249	0.273588705489988	0.199986980340906	0.239131484048165	0.203615013986308	0.198833629923766	0.225578512165688	0.0940412497429905	0.218866321907645	0.173381064754289
NF26B_uniq.fasta	0.667662580985649	0.964597863324976	0.601028037631836	0.984439136185067	0.498859291734527	1	0.399369068821497	0.997615861726111	0.881430543856322	0.976469264923522	0.71140752463207	0.941663291318382	0.963055977222894	0.950885076381482	0.865803006477418	0.837438703400457	0.933123196756368	0.943989985327839	0.467019359055584	0.963205869874299	0.943137244343604	0.84190095897486	0.860718605337411	0.790710697970231	0.746541408571062	0.219843245017105	0.89058702369952	0.596567195967087
NF34A_uniq.fasta	0.749913105293612	0.15637481503175	0.923051786907122	0.247321446965054	0.990826051447296	0.399369068821497	1	0.400079451828555	0.468388981035189	0.27582290594353	0.80674800308122	0.133865692282573	0.331040390589618	0.107251664057155	0.19130976023309	0.258184084984095	0.119282464542507	0.140494556078184	0.0642417994551227	0.163319277402107	0.0875073482668596	0.141791988446467	0.101857650138951	0.108315484033803	0.157748441945595	0.0952456882641083	0.121438684415438	0.123386182181251
NF34B_uniq.fasta	0.662245628452238	0.965605559789475	0.596240222021043	0.985316535685586	0.501557415924182	0.997615861726111	0.400079451828555	1	0.88094634156124	0.97196787916412	0.708142319905351	0.945441588047157	0.962478903771508	0.95117295889361	0.873946046147566	0.84354309698162	0.936485683952493	0.946927911469174	0.469598111744907	0.963053836985023	0.945183338721839	0.847059436885055	0.864386292371227	0.793458919943973	0.750758725796679	0.232364484183948	0.898536411579362	0.608773860505591
NR10A_uniq.fasta	0.879362633358911	0.840209868349135	0.719444343863682	0.8627849221135	0.555741535341778	0.881430543856322	0.468388981035189	0.88094634156124	1	0.905266005725251	0.876783908974237	0.821524405249702	0.94462372749205	0.820507376053867	0.767744051037765	0.766193806908752	0.837436177452027	0.84733328934898	0.443005547455892	0.847683629721114	0.81506583816273	0.776392802329932	0.764493757976025	0.715253142526005	0.67565656042974	0.196770019189297	0.75914847306257	0.518013324092189
NR10B_uniq.fasta	0.661819908590434	0.978022443376804	0.531688595107522	0.984785657688562	0.378465829400668	0.976469264923522	0.27582290594353	0.97196787916412	0.905266005725251	1	0.677839882665435	0.955534137379193	0.974691597060206	0.970809092599086	0.866348566674217	0.834604897010481	0.956627528330423	0.96557421036979	0.489780307824669	0.98115631836572	0.965263010453116	0.863307914206818	0.882008406746514	0.816108922879325	0.761620319272495	0.206254998310148	0.894550721650252	0.59033484968238
NR18A_uniq.fasta	0.979465847797344	0.561549624519391	0.949492888926042	0.622021741080316	0.848690704055815	0.71140752463207	0.80674800308122	0.708142319905351	0.876783908974237	0.677839882665435	1	0.546744134896281	0.747340416092878	0.521677090900539	0.554297485647866	0.605294966134878	0.554751568629783	0.570428381791826	0.343732614375057	0.575811765344084	0.511013058180616	0.552223997512163	0.516001200268425	0.504045312072153	0.485170339658887	0.177392127053249	0.492473093438954	0.364822451226218
NR18B_uniq.fasta	0.506536047570364	0.982707107519802	0.375059058790114	0.978181907276239	0.245190974231877	0.941663291318382	0.133865692282573	0.945441588047157	0.821524405249702	0.955534137379193	0.546744134896281	1	0.9498836618789	0.983042814539118	0.923119157964337	0.906067900244215	0.996998263665582	0.996761429787423	0.632270053783068	0.98834639457115	0.987327212243063	0.941153125156078	0.964653580766093	0.910333126194187	0.775695606038699	0.25678848675224	0.928846270381395	0.629426246523512
NR26A_uniq.fasta	0.719219929970743	0.953996730554893	0.582963793469743	0.965516167094864	0.4311395173085	0.963055977222894	0.331040390589618	0.962478903771508	0.94462372749205	0.974691597060206	0.747340416092878	0.9498836618789	1	0.945771314299415	0.898606741754396	0.880270809058141	0.953651611316197	0.959614113402494	0.541549905521118	0.960018891071245	0.942866007240073	0.892197905426139	0.895703143433075	0.839347260762042	0.782978698651093	0.276084046540139	0.899526307080901	0.634396294755048
NR26B_uniq.fasta	0.494831298098741	0.996359085329852	0.356280471217729	0.987569418355117	0.219413373231783	0.950885076381482	0.107251664057155	0.95117295889361	0.820507376053867	0.970809092599086	0.521677090900539	0.983042814539118	0.945771314299415	1	0.884377071399533	0.83359474265795	0.980899831201584	0.985181009331653	0.498164773701473	0.99461184748371	0.997546546844101	0.878381039314315	0.9093739993316	0.832496410387877	0.762605643002233	0.213827411486981	0.930557659886154	0.613570807983269
NR34A_uniq.fasta	0.50581995004752	0.880934099974216	0.409894732389474	0.886013516171757	0.28090935354056	0.865803006477418	0.19130976023309	0.873946046147566	0.767744051037765	0.866348566674217	0.554297485647866	0.923119157964337	0.898606741754396	0.884377071399533	1	0.966126966045371	0.911719558515056	0.910919811100367	0.67325004138388	0.895145471941749	0.892079448858134	0.93502429170305	0.926903536579819	0.900168240042371	0.927112487222545	0.599238057923252	0.961220760243477	0.853281437702532
NR34B_uniq.fasta	0.544006909002695	0.834114736920966	0.458836467313905	0.847398361207862	0.34302033296674	0.837438703400457	0.258184084984095	0.84354309698162	0.766193806908752	0.834604897010481	0.605294966134878	0.906067900244215	0.880270809058141	0.83359474265795	0.966126966045371	1	0.900273898418372	0.894165741643473	0.821421995567955	0.859155219080881	0.844134769373707	0.971286415268526	0.958033704868326	0.962632979588651	0.84786084856001	0.511669992030463	0.880220193434174	0.747593062817534
PF10A_uniq.fasta	0.520638346198394	0.979814626125837	0.370360685197333	0.973102230562475	0.231240609642024	0.933123196756368	0.119282464542507	0.936485683952493	0.837436177452027	0.956627528330423	0.554751568629783	0.996998263665582	0.953651611316197	0.980899831201584	0.911719558515056	0.900273898418372	1	0.998256765581578	0.640455390048173	0.986452288507173	0.986072021586283	0.943319806630398	0.965829222787319	0.913091652699647	0.762097704357441	0.230727040966448	0.915753763263224	0.606665465783736
PF10B_uniq.fasta	0.536966948808568	0.985026059370544	0.39138160285026	0.980079108124245	0.252636756457498	0.943989985327839	0.140494556078184	0.946927911469174	0.84733328934898	0.96557421036979	0.570428381791826	0.996761429787423	0.959614113402494	0.985181009331653	0.910919811100367	0.894165741643473	0.998256765581578	1	0.616935815495298	0.990357093768617	0.988644469208049	0.935952427400591	0.95769946828364	0.901608549895923	0.766186139874035	0.231174442638466	0.919862813897534	0.610615011380687
PF18A_uniq.fasta	0.281272551859483	0.491427299360632	0.199072967340292	0.495658498360868	0.118480351741249	0.467019359055584	0.0642417994551227	0.469598111744907	0.443005547455892	0.489780307824669	0.343732614375057	0.632270053783068	0.541549905521118	0.498164773701473	0.67325004138388	0.821421995567955	0.640455390048173	0.616935815495298	1	0.537834196281583	0.521141169740204	0.821198298761344	0.808027949717926	0.888615346521103	0.510718106883093	0.30912874856999	0.502023908873209	0.4015932763156
PF18B_uniq.fasta	0.546410884379338	0.996167902558582	0.413286433380829	0.9928861568933	0.273588705489988	0.963205869874299	0.163319277402107	0.963053836985023	0.847683629721114	0.98115631836572	0.575811765344084	0.98834639457115	0.960018891071245	0.99461184748371	0.895145471941749	0.859155219080881	0.986452288507173	0.990357093768617	0.537834196281583	1	0.99400999046941	0.898054585880926	0.92548881364803	0.857233758514261	0.772890412884565	0.222767815411664	0.926785440212621	0.615886927039615
PF26A_uniq.fasta	0.484118015278032	0.995519149358969	0.34036454661854	0.984784562753335	0.199986980340906	0.943137244343604	0.0875073482668596	0.945183338721839	0.81506583816273	0.965263010453116	0.511013058180616	0.987327212243063	0.942866007240073	0.997546546844101	0.892079448858134	0.844134769373707	0.986072021586283	0.988644469208049	0.521141169740204	0.99400999046941	1	0.891084827258322	0.921603075808875	0.848312883530221	0.768793644580248	0.224871440326102	0.93495594771168	0.621769204056585
PF26B_uniq.fasta	0.502699827254644	0.87514785929441	0.371006258129713	0.875424630203616	0.239131484048165	0.84190095897486	0.141791988446467	0.847059436885055	0.776392802329932	0.863307914206818	0.552223997512163	0.941153125156078	0.892197905426139	0.878381039314315	0.93502429170305	0.971286415268526	0.943319806630398	0.935952427400591	0.821198298761344	0.898054585880926	0.891084827258322	1	0.9870433339524	0.980980080700507	0.807130228936066	0.372891499253175	0.876935554382221	0.664087320777909
PF34A_uniq.fasta	0.466813872153011	0.905302106727198	0.334331188429935	0.900822073520437	0.203615013986308	0.860718605337411	0.101857650138951	0.864386292371227	0.764493757976025	0.882008406746514	0.516001200268425	0.964653580766093	0.895703143433075	0.9093739993316	0.926903536579819	0.958033704868326	0.965829222787319	0.95769946828364	0.808027949717926	0.92548881364803	0.921603075808875	0.9870433339524	1	0.985870012666528	0.773906733675702	0.318826459870545	0.878831928118649	0.630312061619851
PF34B_uniq.fasta	0.4517178677733	0.828060932436959	0.329515730993311	0.826819939439341	0.198833629923766	0.790710697970231	0.108315484033803	0.793458919943973	0.715253142526005	0.816108922879325	0.504045312072153	0.910333126194187	0.839347260762042	0.832496410387877	0.900168240042371	0.962632979588651	0.913091652699647	0.901608549895923	0.888615346521103	0.857233758514261	0.848312883530221	0.980980080700507	0.985870012666528	1	0.748906426737783	0.348710061352918	0.816088848979152	0.609068097789324
PF42A_uniq.fasta	0.463410871242827	0.754274330347364	0.372647920237123	0.760166203991933	0.225578512165688	0.746541408571062	0.157748441945595	0.750758725796679	0.67565656042974	0.761620319272495	0.485170339658887	0.775695606038699	0.782978698651093	0.762605643002233	0.927112487222545	0.84786084856001	0.762097704357441	0.766186139874035	0.510718106883093	0.772890412884565	0.768793644580248	0.807130228936066	0.773906733675702	0.748906426737783	1	0.754388677640269	0.92367763568237	0.952929102495648
PF42B_uniq.fasta	0.151839449604741	0.201499761374798	0.16563119535406	0.213115836831437	0.0940412497429905	0.219843245017105	0.0952456882641083	0.232364484183948	0.196770019189297	0.206254998310148	0.177392127053249	0.25678848675224	0.276084046540139	0.213827411486981	0.599238057923252	0.511669992030463	0.230727040966448	0.231174442638466	0.30912874856999	0.222767815411664	0.224871440326102	0.372891499253175	0.318826459870545	0.348710061352918	0.754388677640269	1	0.525414336361647	0.880716957583399
PF50A_uniq.fasta	0.458688488271622	0.925658907426818	0.351610325861226	0.921480623197941	0.218866321907645	0.89058702369952	0.121438684415438	0.898536411579362	0.75914847306257	0.894550721650252	0.492473093438954	0.928846270381395	0.899526307080901	0.930557659886154	0.961220760243477	0.880220193434174	0.915753763263224	0.919862813897534	0.502023908873209	0.926785440212621	0.93495594771168	0.876935554382221	0.878831928118649	0.816088848979152	0.92367763568237	0.525414336361647	1	0.851114559991929
PF50B_uniq.fasta	0.336069314886242	0.603564630046708	0.287472938259352	0.608382249372853	0.173381064754289	0.596567195967087	0.123386182181251	0.608773860505591	0.518013324092189	0.59033484968238	0.364822451226218	0.629426246523512	0.634396294755048	0.613570807983269	0.853281437702532	0.747593062817534	0.606665465783736	0.610615011380687	0.4015932763156	0.615886927039615	0.621769204056585	0.664087320777909	0.630312061619851	0.609068097789324	0.952929102495648	0.880716957583399	0.851114559991929	1
